1587427200000,2228118491.7570333
1587513600000,2232531184.047116
1587600000000,2319816863.694298
1587686400000,2353229636.8727207
1587772800000,2352743588.494633
1587859200000,2402829550.629272
1587945600000,2419596600.6712656
1588032000000,2423050238.754496
1588118400000,2419444104.3851547
1588204800000,2563905019.005386
1588291200000,2521986646.0992293
1588377600000,2584203457.0105963
1588464000000,2594586018.023593
1588550400000,2526415835.1669164
1588636800000,2503993914.5150027
1588723200000,2490362707.68423
1588809600000,2471282824.909132
1588896000000,2525210913.3767586
1588982400000,2536683339.7633896
1589068800000,2495851840.77263
1589155200000,2258003159.3085427
1589241600000,2231962404.7689114
1589328000000,2327383911.2319427
1589414400000,2390558640.3661294
1589500800000,2418544120.370333
1589587200000,2317509550.3867197
1589673600000,2371381209.7246
1589760000000,2407687200.4762278
1589846400000,2456333484.604976
1589932800000,2542931077.0229716
1590019200000,2496496117.670325
1590105600000,2378561522.0209627
1590192000000,2433514189.1309667
1590278400000,2432310884.606986
1590364800000,2364976579.025716
1590451200000,2416857097.4160295
1590537600000,2395241252.1863637
1590624000000,2430831282.617362
1590710400000,2519147859.662903
1590796800000,2514242773.5231204
1590883200000,2623199554.996485
1590969600000,2508703324.268179
1591056000000,2655040579.638382
1591142400000,2555160161.912837
1591228800000,2592716465.79479
1591315200000,2622151848.8793354
1591401600000,2609083547.6139207
1591488000000,2594510241.243783
1591574400000,2569939047.803725
1591660800000,2577895737.5594263
1591747200000,2566693310.4844394
1591833600000,2567525315.8305535
1591920000000,2405200798.5210166
1592006400000,2458716489.464939
1592092800000,2482197891.362207
1592179200000,2450773581.1365023
1592265600000,2422013097.527766
1592352000000,2426825300.850088
1592438400000,2424884750.756174
1592524800000,2394325177.8205113
1592611200000,2361132693.7891955
1592697600000,2373897719.7149124
1592784000000,2358874801.5481806
1592870400000,2437229810.816067
1592956800000,2417477041.4239235
1593043200000,2370741002.541043
1593129600000,2353394947.3436666
1593216000000,2330947468.521242
1593302400000,2244154724.2146554
1593388800000,2273304407.392324
1593475200000,2288640054.1966186
1593561600000,2283276873.7562456
1593648000000,2341084177.1575685
1593734400000,2271469452.384509
1593820800000,2264032087.7304187
1593907200000,2297513032.595132
1593993600000,2289383666.6296763
1594080000000,2412542715.3395653
1594166400000,2480460217.1846757
1594252800000,2541966350.3867364
1594339200000,2485639478.8712196
1594425600000,2547754640.775417
1594512000000,2604910436.970678
1594598400000,2698495512.134894
1594684800000,2715245514.9643817
1594771200000,2675828065.214395
1594857600000,2603200688.7911263
1594944000000,2536635434.4637985
1595030400000,2523851243.1158524
1595116800000,2534108968.2212358
1595203200000,2665508175.6084304
1595289600000,2585027026.4680834
1595376000000,2623383923.4302955
1595462400000,2659506640.3949366
1595548800000,2760438295.9559746
1595635200000,2834374931.4004855
1595721600000,2935074481.7602634
1595808000000,2885760248.0615215
1595894400000,2910698837.6927166
1595980800000,2981283364.288104
1596067200000,2937168739.556445
1596153600000,2965551533.5553617
1596240000000,3060607052.3759594
1596326400000,3199992932.004054
1596412800000,3086470430.666615
1596499200000,3239321258.8805118
1596585600000,3293276431.1433253
1596672000000,3438061584.3995376
1596758400000,3370982469.604111
1596844800000,3278820417.3771663
1596931200000,3378074822.8434706
1597017600000,3315615444.52618
1597104000000,3339788962.5250287
1597190400000,3114747466.7359214
1597276800000,3188863589.722237
1597363200000,3215330089.174842
1597449600000,3404939838.3994946
1597536000000,3387732401.9469113
1597622400000,3473865123.87327
1597708800000,3476788975.014206
1597795200000,3397690721.6801467
1597881600000,3302382351.2778296
1597968000000,3414255884.599508
1598054400000,3260640031.8602395
1598140800000,3277780668.5864797
1598227200000,3233813725.379268
1598313600000,3336417081.5551314
1598400000000,3176756104.727373
1598486400000,3295697167.2175984
1598572800000,3411961399.9894276
1598659200000,3413764685.101583
1598745600000,3408734637.1192765
1598832000000,3486695535.7498837
1598918400000,3429200221.899609
1599004800000,3678647220.13556
1599091200000,3644800878.5971384
1599177600000,3057090063.010929
1599264000000,3101433925.4020534
1599350400000,2870047729.5380454
1599436800000,3441897088.2076416
1599523200000,3289616682.4529815
1599609600000,3391729400.819674
1599696000000,3606231301.6235266
1599782400000,3603704433.991752
1599868800000,3752802265.119167
1599955200000,4189027940.767463
1600041600000,4578726414.545887
1600128000000,4512125844.064322
1600214400000,4009700860.4941754
1600300800000,4122357757.56389
1600387200000,3959528315.0560274
1600473600000,3976466685.154942
1600560000000,4024066272.6573086
1600646400000,3891106120.858083
1600732800000,3493931691.129836
1600819200000,3535552468.393081
1600905600000,3373414662.270313
1600992000000,3626151929.2579103
1601078400000,3635723607.8745704
1601164800000,3874918801.864329
1601251200000,3864067179.6542735
1601337600000,3964694603.56834
1601424000000,4253400066.790345
1601510400000,4325855176.035254
1601596800000,4036519254.14418
1601683200000,4021625433.981785
1601769600000,4184514172.408719
1601856000000,4283270102.311906
1601942400000,4235422294.4251127
1602028800000,4081175972.411447
1602115200000,4093867354.474435
1602201600000,4090366937.1627183
1602288000000,4198511785.695526
1602374400000,4178281516.429207
1602460800000,4216513538.6379657
1602547200000,4529414810.436585
1602633600000,4536387303.784849
1602720000000,4566346921.865745
1602806400000,4615821052.678012
1602892800000,4436816337.992663
1602979200000,4471124012.698126
1603065600000,4528416810.2740555
1603152000000,4422322858.349566
1603238400000,4241175299.4954963
1603324800000,4374680295.690144
1603411200000,4520768370.052209
1603497600000,4521344664.32785
1603584000000,4517960819.150934
1603670400000,4446242745.625003
1603756800000,4603816454.737595
1603843200000,4683647247.1061
1603929600000,4484041908.978538
1604016000000,4420211966.048975
1604102400000,4216701943.861658
1604188800000,4195740161.800611
1604275200000,4189298124.874467
1604361600000,4129579048.05467
1604448000000,3964658696.983034
1604534400000,3967025116.0989704
1604620800000,4094007654.9120317
1604707200000,4277111583.0896845
1604793600000,4095631471.42624
1604880000000,4188047516.4405794
1604966400000,4123746337.8883257
1605052800000,4166476642.6499786
1605139200000,4116039125.5761733
1605225600000,4082305596.914276
1605312000000,4164934047.7832813
1605398400000,4138996735.163435
1605484800000,4078970764.357405
1605571200000,4142983110.0273514
1605657600000,4214237524.1577663
1605744000000,4153238203.9986515
1605830400000,4147358204.585626
1605916800000,4272178890.3894467
1606003200000,4508909727.234483
1606089600000,4442355802.130595
1606176000000,4543628008.752998
1606262400000,4982769840.406043
1606348800000,4638993020.327642
1606435200000,4160410878.601351
1606521600000,4205742907.961242
1606608000000,4300575783.620462
1606694400000,4451872526.18575
1606780800000,4628855599.420553
1606867200000,4456593037.752746
1606953600000,4485798669.948128
1607040000000,4532470312.734571
1607126400000,4313659353.384783
1607212800000,4395591397.934824
1607299200000,4358178089.7922735
1607385600000,4341263148.865393
1607472000000,4099895788.270019
1607558400000,4167230661.076464
1607644800000,4097433907.2959285
1607731200000,4051182427.359371
1607817600000,4163931310.434167
1607904000000,4284844712.4802995
1607990400000,4423709692.446076
1608076800000,4363659616.569024
1608163200000,4502642498.3104515
1608249600000,4458380241.204621
1608336000000,4575748263.384468
1608422400000,4916865111.165444
1608508800000,5051713693.403217
1608595200000,4777115837.70322
1608681600000,4945772817.2023
1608768000000,4660064269.514709
1608854400000,4814447228.089379
1608940800000,4899865020.948586
1609027200000,4954948231.448557
1609113600000,4973685729.749473
1609200000000,5302039004.723987
1609286400000,5722427540.454511
1609372800000,5644561342.625012
1609459200000,5507755823.482548
1609545600000,5584591445.479913
1609632000000,5664992538.860413
1609718400000,6162622121.465481
1609804800000,5860212415.082251
1609891200000,6146043355.419785
1609977600000,6213203841.025946
1610064000000,6360257240.65883
1610150400000,6257342788.151831
1610236800000,6535325408.396228
1610323200000,6321067625.073282
1610409600000,5708211117.642347
1610496000000,5655761600.931015
1610582400000,5950937294.099859
1610668800000,6162213630.697031
1610755200000,6085115283.863143
1610841600000,6408266290.294945
1610928000000,6811733847.335682
1611014400000,6697976479.659836
1611100800000,6375499623.76684
1611187200000,6266849381.663175
1611273600000,5774109832.68915
1611360000000,5972297132.161497
1611446400000,6025125570.096895
1611532800000,6175849056.405198
1611619200000,6118277883.105456
1611705600000,6125248409.288884
1611792000000,6046117020.91682
1611878400000,6283476043.155616
1611964800000,6337205523.632562
1612051200000,6604362183.837016
1612137600000,6522941333.935256
1612224000000,7583767269.190991
1612310400000,7569477058.56905
1612396800000,7735129472.072181
1612483200000,8333210382.439513
1612569600000,10106500512.436033
1612656000000,10648242256.756302
1612742400000,10133846849.962713
1612828800000,11666342815.764996
1612915200000,16042189486.944416
1613001600000,19029543691.117306
1613088000000,18248020592.96308
1613174400000,20066593314.135468
1613260800000,19799743676.327938
1613347200000,20235468424.048496
1613433600000,19096962299.56091
1613520000000,19173445845.066593
1613606400000,24144663679.111786
1613692800000,28719828748.346386
1613779200000,52232341792.26047
1613865600000,39186024468.50675
1613952000000,45745975207.855705
1614038400000,41355468790.23462
1614124800000,35160048230.5213
1614211200000,39273073153.542694
1614297600000,36653635808.81574
1614384000000,34347801258.49284
1614470400000,34863282195.0899
1614556800000,32747054923.74233
1614643200000,39775549289.62083
1614729600000,37318077555.560394
1614816000000,37511795342.74582
1614902400000,35579395371.44576
1614988800000,34764818409.196365
1615075200000,35132140627.2429
1615161600000,36937041399.52951
1615248000000,37175687161.84234
1615334400000,45349664034.30795
1615420800000,43134755617.83653
1615507200000,44525761191.37331
1615593600000,40908235661.641716
1615680000000,42898756292.75063
1615766400000,41037415793.37244
1615852800000,39434323550.85248
1615939200000,39929253304.221054
1616025600000,41811497472.197235
1616112000000,40603807044.01744
1616198400000,40708892326.84678
1616284800000,41004900988.47188
1616371200000,40931038994.92851
1616457600000,39834881552.667854
1616544000000,39376090108.768486
1616630400000,38516791584.363754
1616716800000,36192768189.38144
1616803200000,39235816415.848915
1616889600000,41937086118.26921
1616976000000,41484697966.03745
1617062400000,42478850221.41467
1617148800000,47742356655.602066
1617235200000,46841566978.953735
1617321600000,52021709574.684296
1617408000000,52098346307.81932
1617494400000,49920147538.04927
1617580800000,53890347090.85982
1617667200000,56849486727.353165
1617753600000,62712349429.43108
1617840000000,58558889933.084465
1617926400000,64636587595.50615
1618012800000,69006619223.09024
1618099200000,72863380910.31287
1618185600000,80304972015.62056
1618272000000,92356058016.54314
1618358400000,85352626250.56746
1618444800000,83633350017.25006
1618531200000,83889063375.7033
1618617600000,79138319032.72491
1618704000000,80146564558.26534
1618790400000,74374361399.96808
1618876800000,78419210502.81401
