1587427200000,125724610427.89977
1587513600000,125473149029.1152
1587600000000,130398643209.39326
1587686400000,135414822709.73111
1587772800000,137493716065.4006
1587859200000,138298135122.85803
1587945600000,140977260141.33173
1588032000000,142649802462.8293
1588118400000,142370212777.1421
1588204800000,160483573440.17792
1588291200000,158042623264.3916
1588377600000,161989355178.82224
1588464000000,164603123455.99927
1588550400000,163036842346.68604
1588636800000,162341412439.88123
1588723200000,165335617639.04947
1588809600000,167950864937.1468
1588896000000,182927847431.44946
1588982400000,180421762956.3486
1589068800000,175752574354.63544
1589155200000,160814678353.7077
1589241600000,158113540964.46692
1589328000000,161474125336.405
1589414400000,170593350055.82486
1589500800000,179398095871.3398
1589587200000,170983863891.47488
1589673600000,172309401206.74423
1589760000000,177224284369.1316
1589846400000,178446153576.46417
1589932800000,179127815802.66245
1590019200000,175227227252.9058
1590105600000,166569335290.8396
1590192000000,168309812992.5134
1590278400000,168614573110.75775
1590364800000,161407638875.36517
1590451200000,163333743988.58344
1590537600000,162547226896.53772
1590624000000,168615778509.82266
1590710400000,175534414971.32306
1590796800000,173355014878.4796
1590883200000,177978616382.68933
1590969600000,174105710752.04755
1591056000000,186932702065.96875
1591142400000,175463166971.51956
1591228800000,177416480472.83005
1591315200000,179830985954.85498
1591401600000,177373937377.29663
1591488000000,177901732349.93213
1591574400000,179167717944.46164
1591660800000,179810911053.20026
1591747200000,179709840753.7975
1591833600000,181705166673.57462
1591920000000,171615707160.27472
1592006400000,174266571295.67957
1592092800000,174275005803.05463
1592179200000,172116372679.33923
1592265600000,173598215783.88248
1592352000000,175075304218.30185
1592438400000,174231189757.1904
1592524800000,173034439845.62103
1592611200000,171101646024.0128
1592697600000,172323213442.3655
1592784000000,171192409474.1401
1592870400000,178128652479.62244
1592956800000,177187041226.59833
1593043200000,171028279701.5032
1593129600000,170495281892.45944
1593216000000,168807143703.19455
1593302400000,166004979429.79742
1593388800000,168334049772.4726
1593475200000,169175896894.16483
1593561600000,168558715595.07886
1593648000000,170031996602.76715
1593734400000,167604994105.34857
1593820800000,167116284671.21997
1593907200000,168258822207.29507
1593993600000,167429736492.90482
1594080000000,172136257752.3712
1594166400000,170510411872.0138
1594252800000,173809293389.63837
1594339200000,170198606143.6283
1594425600000,171104767641.88345
1594512000000,170191069703.26535
1594598400000,171364106456.32056
1594684800000,170370727819.23874
1594771200000,170451532161.73575
1594857600000,169758848797.9732
1594944000000,168496782960.8989
1595030400000,168760444137.05035
1595116800000,169031588403.36658
1595203200000,169692625141.8043
1595289600000,168936986921.46805
1595376000000,173036757675.6725
1595462400000,175370017196.6754
1595548800000,176821599773.56787
1595635200000,175865705417.72916
1595721600000,178740874539.49573
1595808000000,183064851468.00018
1595894400000,202191797991.40768
1595980800000,201144184191.06567
1596067200000,204969785090.6761
1596153600000,205200775318.21756
1596240000000,208933774575.1489
1596326400000,217741425308.62857
1596412800000,204126077224.646
1596499200000,207218525401.74573
1596585600000,206583502227.55646
1596672000000,216249264843.70206
1596758400000,217128467890.10898
1596844800000,213579066889.25037
1596931200000,216526346494.08014
1597017600000,215621627427.59085
1597104000000,218920276229.41245
1597190400000,210825577055.42203
1597276800000,213770877597.90494
1597363200000,217185020504.78033
1597449600000,216916952670.3025
1597536000000,219049736823.3334
1597622400000,219750735622.69547
1597708800000,226536103501.8635
1597795200000,220980135332.21396
1597881600000,216660276172.5052
1597968000000,219044968220.88754
1598054400000,212896669545.7498
1598140800000,215641597239.98148
1598227200000,215347356765.4613
1598313600000,217410678530.35837
1598400000000,209658632328.37
1598486400000,211778947737.22385
1598572800000,208747591910.15524
1598659200000,212799723684.94672
1598745600000,212114842611.5429
1598832000000,216179629567.18042
1598918400000,215921598551.33038
1599004800000,221315690777.34525
1599091200000,210746091569.71368
1599177600000,188438095255.46017
1599264000000,194040447575.93134
1599350400000,188092098308.3525
1599436800000,189621410257.03525
1599523200000,191501904758.68698
1599609600000,186825391248.7263
1599696000000,188757938083.84296
1599782400000,191180566587.0585
1599868800000,192111562749.9339
1599955200000,192997988416.4807
1600041600000,190922719938.2308
1600128000000,197010021430.2403
1600214400000,199044338127.62628
1600300800000,202524001250.4926
1600387200000,202358479464.18542
1600473600000,202091264904.96927
1600560000000,204994315602.9869
1600646400000,202032519471.26855
1600732800000,193677795064.08533
1600819200000,194731087415.28983
1600905600000,189120580778.46335
1600992000000,198514026300.17914
1601078400000,197616950282.06653
1601164800000,198687083452.04324
1601251200000,199236216251.43555
1601337600000,197720212770.89465
1601424000000,200532996047.58585
1601510400000,199310441688.83572
1601596800000,196617081790.5188
1601683200000,195660035179.73257
1601769600000,195188285650.34625
1601856000000,197494664453.7935
1601942400000,199530129891.0881
1602028800000,196314284797.01337
1602115200000,197575523784.584
1602201600000,201518932273.67853
1602288000000,204809205392.17957
1602374400000,209268690952.5854
1602460800000,210799352797.1382
1602547200000,213726225963.20517
1602633600000,211576163357.66504
1602720000000,211756280001.1405
1602806400000,212878404236.874
1602892800000,209993205751.02322
1602979200000,210421523306.69058
1603065600000,212752326976.49207
1603152000000,217391050812.65872
1603238400000,220404884318.97812
1603324800000,236717318526.15692
1603411200000,240257678153.83536
1603497600000,239590543523.72256
1603584000000,242785151288.07916
1603670400000,241326618198.73062
1603756800000,242141178089.60794
1603843200000,253004886697.36078
1603929600000,245661872194.44214
1604016000000,249545455596.3296
1604102400000,250845436637.92026
1604188800000,255329261020.6163
1604275200000,254260250527.50497
1604361600000,251266177558.48047
1604448000000,259277183164.55063
1604534400000,261103557610.74826
1604620800000,288118007577.42645
1604707200000,288563189165.38806
1604793600000,274687727889.983
1604880000000,287116472704.3936
1604966400000,284292217075.7686
1605052800000,283242342238.5137
1605139200000,291215273242.1888
1605225600000,301529322417.4614
1605312000000,302672502422.09
1605398400000,298290647831.24426
1605484800000,296277008765.18964
1605571200000,309857769717.0289
1605657600000,327448838765.29767
1605744000000,330792375072.03064
1605830400000,330526082018.5286
1605916800000,345552251091.15924
1606003200000,346623937352.1668
1606089600000,342078349285.0962
1606176000000,340635146714.39825
1606262400000,354209935573.8031
1606348800000,348158099247.1633
1606435200000,317999016791.45123
1606521600000,318057301370.37897
1606608000000,328812520405.74207
1606694400000,336495192223.0139
1606780800000,363927715778.6875
1606867200000,349587593227.14185
1606953600000,356517705143.29443
1607040000000,360661550057.2975
1607126400000,347850442856.6359
1607212800000,355244908734.6481
1607299200000,358762118305.1145
1607385600000,356587934226.10187
1607472000000,340435142947.90857
1607558400000,344693077429.9694
1607644800000,339714540194.3479
1607731200000,335310805699.2893
1607817600000,349235537025.78625
1607904000000,355642790361.31714
1607990400000,357681110300.36426
1608076800000,360542942204.959
1608163200000,396179736655.63983
1608249600000,423587689809.2768
1608336000000,429459534590.4159
1608422400000,443289431125.4617
1608508800000,436893169132.7113
1608595200000,424329939581.7774
1608681600000,441752551013.19135
1608768000000,433051601800.69293
1608854400000,441614502954.16315
1608940800000,458416319552.32434
1609027200000,491978602969.93176
1609113600000,493427450341.26013
1609200000000,503712223153.6673
1609286400000,509680257177.0481
1609372800000,535967306917.84125
1609459200000,539438036435.6701
1609545600000,545593282215.2498
1609632000000,597887713053.5825
1609718400000,613616917625.6967
1609804800000,585726270248.7891
1609891200000,633651671519.3958
1609977600000,682743683563.0741
1610064000000,735339707368.3339
1610150400000,758971014787.3597
1610236800000,749347201462.6359
1610323200000,714078952009.0243
1610409600000,663380898829.0051
1610496000000,629751630408.4126
1610582400000,696668634091.3435
1610668800000,729751433670.0881
1610755200000,684304915288.2261
1610841600000,674660879866.02
1610928000000,672291934493.4396
1611014400000,682647247200.097
1611100800000,671734819189.1033
1611187200000,662434464441.264
1611273600000,575205510268.1292
1611360000000,613271077002.4795
1611446400000,596744391345.3533
1611532800000,600595408892.1986
1611619200000,602517850752.0305
1611705600000,606573549809.8268
1611792000000,566661443732.4073
1611878400000,616625386428.2396
1611964800000,635688668063.594
1612051200000,636624676861.2642
1612137600000,615013848827.3505
1612224000000,621908231690.1377
1612310400000,660664104637.4851
1612396800000,695794870715.5251
1612483200000,686453802173.3838
1612569600000,706320162928.6615
1612656000000,732453192636.7231
1612742400000,723434796637.7434
1612828800000,862413737410.9171
1612915200000,867164581003.3563
1613001600000,839561451461.0575
1613088000000,890629045243.5952
1613174400000,880620921496.0787
1613260800000,874425017687.0778
1613347200000,905515462576.995
1613433600000,892345220938.2782
1613520000000,917339726314.6964
1613606400000,971516568847.578
1613692800000,963911356673.4604
1613779200000,1044189900351.5892
1613865600000,1050555931433.1447
1613952000000,1075380337357.9143
1614038400000,1012091985973.4642
1614124800000,904133801444.5278
1614211200000,929081504353.552
1614297600000,875883932252.4404
1614384000000,869070614247.8623
1614470400000,869649724200.5775
1614556800000,838307614585.1935
1614643200000,928146793676.4287
1614729600000,905413239164.9064
1614816000000,942969910364.1804
1614902400000,908517236707.5374
1614988800000,911379300053.3455
1615075200000,916504852500.393
1615161600000,955040794770.1399
1615248000000,974195000547.444
1615334400000,1018978819157.4177
1615420800000,1044805904677.5541
1615507200000,1077836070933.286
1615593600000,1069776383193.8628
1615680000000,1145191373521.5942
1615766400000,1111684638819.0723
1615852800000,1049197142851.5631
1615939200000,1060221966894.7418
1616025600000,1101028543248.462
1616112000000,1081065767945.8683
1616198400000,1086741150606.8165
1616284800000,1090022321077.5006
1616371200000,1074356788297.177
1616457600000,1020641820438.662
1616544000000,1017637245492.0177
1616630400000,982797427007.2565
1616716800000,959155260366.7408
1616803200000,1027209990794.8939
1616889600000,1042184275332.6417
1616976000000,1039333584621.1438
1617062400000,1075942162536.995
1617148800000,1095293012032.8433
1617235200000,1098127310946.8978
1617321600000,1098583823874.2307
1617408000000,1103133931136.5508
1617494400000,1067101827372.9529
1617580800000,1087344280109.6896
1617667200000,1096202611389.9541
1617753600000,1084341670320.8142
1617840000000,1050759681844.6099
1617926400000,1083362883828.1199
1618012800000,1085794662404.731
1618099200000,1116221525334.3267
1618185600000,1120606689450.4702
1618272000000,1118532902101.5269
1618358400000,1187737045885.1743
1618444800000,1173412921929.8884
1618531200000,1179561609816.9358
1618617600000,1149602869702.2644
1618704000000,1125592412523.221
1618790400000,1053618163309.5769
1618876800000,1043148020633.034
