1587427200000,18894679854.84961
1587513600000,18883297426.60788
1587600000000,20165266729.19022
1587686400000,20371607313.859978
1587772800000,20756708748.58927
1587859200000,21449928671.504494
1587945600000,21798344583.464844
1588032000000,21715118585.744934
1588118400000,21824818237.698734
1588204800000,23796586177.48911
1588291200000,22894189506.373463
1588377600000,23540629181.114624
1588464000000,23700169401.049606
1588550400000,23254687127.813503
1588636800000,22819858077.111965
1588723200000,22740460359.466698
1588809600000,22529347281.111214
1588896000000,23678773321.927563
1588982400000,23476076684.66088
1589068800000,23328821609.133904
1589155200000,20859785783.852856
1589241600000,20616754314.258286
1589328000000,20993946147.950317
1589414400000,22169692740.7452
1589500800000,22562017222.46954
1589587200000,21656663418.09443
1589673600000,22256509489.004852
1589760000000,22938430778.9383
1589846400000,23793534838.638046
1589932800000,23656360817.218487
1590019200000,23303624068.60854
1590105600000,22089212414.442772
1590192000000,22960218146.427925
1590278400000,22943289960.014706
1590364800000,22417907964.48714
1590451200000,22639118588.39778
1590537600000,22325672542.330963
1590624000000,23085068545.910442
1590710400000,24328143646.44253
1590796800000,24504031642.684784
1590883200000,27012940828.466957
1590969600000,25671662155.409367
1591056000000,27559451838.43636
1591142400000,26414164713.757725
1591228800000,27137533088.4328
1591315200000,27105225697.6403
1591401600000,26722521046.76495
1591488000000,26923196533.750423
1591574400000,27129407338.340355
1591660800000,27441367803.298782
1591747200000,27188436885.46926
1591833600000,27480866985.686268
1591920000000,25655172292.438347
1592006400000,26414947184.76374
1592092800000,26503078976.085632
1592179200000,25856836267.17579
1592265600000,25743924409.197376
1592352000000,26206196967.82947
1592438400000,26079437153.80169
1592524800000,25847377552.221436
1592611200000,25534271650.26011
1592697600000,25501270877.342506
1592784000000,25381090910.620564
1592870400000,27083046206.889904
1592956800000,27097142032.576195
1593043200000,26239099771.426495
1593129600000,25963410301.573772
1593216000000,25643178437.809326
1593302400000,24650756780.212147
1593388800000,25059706534.523754
1593475200000,25465535919.172665
1593561600000,25169333234.47631
1593648000000,25738012877.807854
1593734400000,25284990219.958416
1593820800000,25132071680.625286
1593907200000,25572481115.808292
1593993600000,25442148685.628662
1594080000000,26966777214.595856
1594166400000,26667827703.348965
1594252800000,27538955079.081337
1594339200000,27017961197.637337
1594425600000,26917385878.316235
1594512000000,26712364780.153114
1594598400000,26889793823.339703
1594684800000,26757968884.421734
1594771200000,26870705032.694412
1594857600000,26686755678.99533
1594944000000,26142878196.66504
1595030400000,26015174195.367386
1595116800000,26352655621.666836
1595203200000,26715274452.48371
1595289600000,26401433618.61543
1595376000000,27404691587.94453
1595462400000,29528105819.948067
1595548800000,30714049723.16856
1595635200000,31236557399.18939
1595721600000,34136825749.960796
1595808000000,34754323492.16516
1595894400000,35873239729.40686
1595980800000,35422047874.02414
1596067200000,35553131948.946304
1596153600000,37564052087.124535
1596240000000,38794882275.39032
1596326400000,43411673380.48453
1596412800000,41469942047.79405
1596499200000,43272376856.193855
1596585600000,43787281284.318275
1596672000000,44844619093.01642
1596758400000,44217734699.095276
1596844800000,42541561650.30221
1596931200000,43821378072.89572
1597017600000,43682388559.8162
1597104000000,44298575284.664795
1597190400000,42639702440.41078
1597276800000,43436076387.69582
1597363200000,47693538253.1255
1597449600000,49022330904.64755
1597536000000,48462771178.61529
1597622400000,48635333662.57019
1597708800000,48259667903.08671
1597795200000,47400903599.29812
1597881600000,45642757811.590775
1597968000000,46754739209.41609
1598054400000,43434501400.18814
1598140800000,44454504740.72998
1598227200000,44021875258.788315
1598313600000,45914782850.88361
1598400000000,43097616381.47341
1598486400000,43337732292.52325
1598572800000,42903096293.90094
1598659200000,44402928843.0099
1598745600000,44884412904.61814
1598832000000,48092923342.6494
1598918400000,49098776608.15353
1599004800000,54146717970.58548
1599091200000,49401551509.00041
1599177600000,43135808902.68998
1599264000000,43627087090.328964
1599350400000,37655618254.050865
1599436800000,39710363028.2121
1599523200000,39639961273.34071
1599609600000,37835807856.34224
1599696000000,39580368571.35996
1599782400000,41300327191.463684
1599868800000,42135842526.32081
1599955200000,43393172173.54062
1600041600000,41170490544.06533
1600128000000,42353184458.585205
1600214400000,41019180031.929504
1600300800000,41136175614.140686
1600387200000,43828530075.491394
1600473600000,43009572687.415535
1600560000000,43455110863.06883
1600646400000,41929980576.65271
1600732800000,38695806846.97656
1600819200000,38679912764.2938
1600905600000,36239170986.342445
1600992000000,39314719146.84341
1601078400000,39598389061.56603
1601164800000,39946698187.61045
1601251200000,40273903426.08249
1601337600000,39794887269.461235
1601424000000,40574256067.82458
1601510400000,40586538615.954575
1601596800000,39782583382.89109
1601683200000,39005631807.605095
1601769600000,39098719406.98244
1601856000000,39758373727.61445
1601942400000,39890007481.293
1602028800000,38419834420.75508
1602115200000,38556379197.91778
1602201600000,39539898845.29083
1602288000000,41261693685.49925
1602374400000,41919449520.12781
1602460800000,42273071872.950066
1602547200000,43787622889.79302
1602633600000,43068111158.10915
1602720000000,42827891085.95138
1602806400000,42625398559.363594
1602892800000,41424753265.12099
1602979200000,41654901940.043465
1603065600000,42730815492.78595
1603152000000,42919073937.74135
1603238400000,41623179886.79757
1603324800000,44137912522.42472
1603411200000,46776265907.292244
1603497600000,46233128841.054825
1603584000000,46625376044.79527
1603670400000,45985592948.88831
1603756800000,44537523611.830605
1603843200000,45687568527.06391
1603929600000,43943405500.51123
1604016000000,43798925859.1192
1604102400000,43341298725.501526
1604188800000,43692767478.3082
1604275200000,44687833549.98935
1604361600000,43437224863.28803
1604448000000,43903834507.362854
1604534400000,45360338717.11154
1604620800000,47077208350.069885
1604707200000,51546745852.677986
1604793600000,49463138492.48698
1604880000000,51682115129.3641
1604966400000,50377035452.20988
1605052800000,51000796202.07293
1605139200000,52569790942.69943
1605225600000,52548309254.49251
1605312000000,53963588841.127716
1605398400000,52476765553.11609
1605484800000,50978678612.60896
1605571200000,52356872782.26836
1605657600000,54716609289.542305
1605744000000,54435713128.05311
1605830400000,53447508889.231575
1605916800000,57875755337.83428
1606003200000,62062910159.27977
1606089600000,64219272617.02369
1606176000000,68705033455.82259
1606262400000,68461935305.63655
1606348800000,64369854808.743355
1606435200000,58947811751.581924
1606521600000,58773961397.899704
1606608000000,61290956964.36442
1606694400000,65121266717.863914
1606780800000,69576210026.93625
1606867200000,66950738084.67838
1606953600000,68153602806.21818
1607040000000,70109767421.9594
1607126400000,64944263291.91259
1607212800000,67764042948.9772
1607299200000,68483582708.01654
1607385600000,67474119685.86511
1607472000000,63305670197.47529
1607558400000,65276424697.152855
1607644800000,63759073874.73225
1607731200000,62124158560.85701
1607817600000,64655118180.3175
1607904000000,67134794851.681
1607990400000,66629545532.422066
1608076800000,67041487308.61978
1608163200000,72301103108.2225
1608249600000,72955533475.1786
1608336000000,74135277407.04251
1608422400000,75092677592.1047
1608508800000,72618785345.5407
1608595200000,69545799024.42459
1608681600000,72327947935.45154
1608768000000,67468061368.13851
1608854400000,69867514814.01097
1608940800000,71422858091.1277
1609027200000,72391403990.8806
1609113600000,78833072066.0927
1609200000000,83575563402.66385
1609286400000,83885243123.81543
1609372800000,85790178023.44371
1609459200000,84037694047.35515
1609545600000,83294083323.20639
1609632000000,88595346035.55156
1609718400000,112525376104.65454
1609804800000,116693162132.74934
1609891200000,125112930227.72487
1609977600000,137306782958.13135
1610064000000,139084939665.71393
1610150400000,139145700786.27826
1610236800000,147397891905.5662
1610323200000,144775179901.584
1610409600000,124728988376.03725
1610496000000,119330774034.78914
1610582400000,128582223216.03041
1610668800000,138240285220.32953
1610755200000,133962341262.37857
1610841600000,141369013157.282
1610928000000,142087383372.707
1611014400000,143378258827.21744
1611100800000,157929393133.71045
1611187200000,156457140894.28006
1611273600000,130713677392.4996
1611360000000,140271927461.8329
1611446400000,140773242456.76056
1611532800000,158167202909.14236
1611619200000,151940348541.692
1611705600000,155446593758.92108
1611792000000,141774137750.6659
1611878400000,152877389472.9714
1611964800000,158354114909.26474
1612051200000,157410718624.21973
1612137600000,150322722005.1637
1612224000000,155894407853.50046
1612310400000,174557101587.54166
1612396800000,189023794263.7008
1612483200000,183982328605.4526
1612569600000,196424150368.47876
1612656000000,192164042318.95844
1612742400000,184109385158.1494
1612828800000,198719063426.16904
1612915200000,203102939465.473
1613001600000,199919369275.37125
1613088000000,203774834938.25632
1613174400000,210344318124.73236
1613260800000,207890872554.91016
1613347200000,207057026271.03055
1613433600000,203972439068.60135
1613520000000,204528599567.24704
1613606400000,211713928319.03534
1613692800000,221863277318.4042
1613779200000,226038410300.14252
1613865600000,221404545098.43417
1613952000000,223004310602.46854
1614038400000,204731064486.9056
1614124800000,179691686731.1511
1614211200000,185843232352.39114
1614297600000,168658293547.98462
1614384000000,167151176870.9801
1614470400000,167833687528.28204
1614556800000,163289758568.53607
1614643200000,179885012253.05722
1614729600000,172017777678.2973
1614816000000,182133382817.63593
1614902400000,177647949967.0106
1614988800000,176268279969.45792
1615075200000,191505024384.2956
1615161600000,198695961501.5439
1615248000000,211132676701.59906
1615334400000,214412034435.93906
1615420800000,207916309215.61444
1615507200000,210018342198.09778
1615593600000,203771682506.1516
1615680000000,222405459430.76758
1615766400000,215367930757.887
1615852800000,207264868908.9888
1615939200000,207059072434.72623
1616025600000,210150824167.56415
1616112000000,205022936620.98633
1616198400000,209188785173.5874
1616284800000,209455699202.5177
1616371200000,206013222508.0891
1616457600000,195434685366.63266
1616544000000,192388701720.41965
1616630400000,183005042939.6772
1616716800000,182810172113.94278
1616803200000,195511706252.9431
1616889600000,197943394049.89084
1616976000000,194647792269.71985
1617062400000,209088522651.80023
1617148800000,212080597430.12268
1617235200000,221210690537.73203
1617321600000,227187483748.8278
1617408000000,246446284273.69153
1617494400000,233519912234.63
1617580800000,239721240194.1402
1617667200000,242118495324.83636
1617753600000,244306254505.299
1617840000000,229324263726.26553
1617926400000,240116470865.16214
1618012800000,238825167325.68292
1618099200000,246336623343.47812
1618185600000,247431817683.18906
1618272000000,247289165411.20078
1618358400000,265314823430.1463
1618444800000,281118122172.12756
1618531200000,290591950682.4659
1618617600000,280617563098.8275
1618704000000,271060261616.9552
1618790400000,259329079995.44214
1618876800000,251090482814.8267
