1587427200000,869686398.71977
1587513600000,861000546.8027467
1587600000000,895301789.3933624
1587686400000,904961310.4577538
1587772800000,926494010.463301
1587859200000,926080479.7563746
1587945600000,941852175.7832828
1588032000000,945581495.4639456
1588118400000,943656761.914452
1588204800000,1000065915.2706537
1588291200000,979224142.5783178
1588377600000,986244674.4979696
1588464000000,996087677.9399875
1588550400000,976520894.743329
1588636800000,982399900.56616
1588723200000,970922823.9466168
1588809600000,966006226.6802188
1588896000000,990985689.5336622
1588982400000,974887128.0826093
1589068800000,933709006.5026237
1589155200000,903197789.3521947
1589241600000,878167808.7053869
1589328000000,907417981.5555744
1589414400000,919607442.3017759
1589500800000,961377739.2844144
1589587200000,940472913.1615759
1589673600000,941500311.0876275
1589760000000,956924887.98394
1589846400000,959397969.198447
1589932800000,962930974.075884
1590019200000,947665823.3759379
1590105600000,913446039.658589
1590192000000,925348805.1995243
1590278400000,916838354.8704603
1590364800000,888883862.1889722
1590451200000,908671448.2155902
1590537600000,906270316.2193236
1590624000000,915411066.3719089
1590710400000,941900912.8398699
1590796800000,952868699.3953304
1590883200000,965741020.7876351
1590969600000,944335047.4711806
1591056000000,968208431.160809
1591142400000,953899536.5630312
1591228800000,950339734.9849693
1591315200000,1014108346.2055726
1591401600000,1006771255.3083531
1591488000000,1039543985.7040083
1591574400000,1031377882.1602534
1591660800000,1033212903.5926671
1591747200000,1044140034.2378553
1591833600000,1030881563.6088852
1591920000000,975298480.9323634
1592006400000,1005882027.693323
1592092800000,1002601918.5925776
1592179200000,982123663.1696683
1592265600000,980200627.3292371
1592352000000,988706727.6706635
1592438400000,978331792.7147526
1592524800000,970327255.3642172
1592611200000,948511429.082437
1592697600000,952458872.9671563
1592784000000,941782034.905292
1592870400000,995743935.0927207
1592956800000,989322889.803406
1593043200000,1004494457.7589469
1593129600000,986364292.6311033
1593216000000,982745870.7142262
1593302400000,964442815.536393
1593388800000,963437675.775666
1593475200000,978845394.3284171
1593561600000,969014568.3909582
1593648000000,966861834.3681091
1593734400000,950956522.5179477
1593820800000,956445013.1598008
1593907200000,961467813.7158301
1593993600000,951686124.1401249
1594080000000,988846986.5680411
1594166400000,961022539.4783695
1594252800000,984790279.9297528
1594339200000,971855858.9463257
1594425600000,979197118.9782819
1594512000000,976786563.5257063
1594598400000,984097412.9382282
1594684800000,986857674.5334793
1594771200000,986608530.5688574
1594857600000,988616037.97226
1594944000000,975602682.5925632
1595030400000,971642374.2000381
1595116800000,974415230.9249525
1595203200000,980729111.0461512
1595289600000,985247773.2097393
1595376000000,991001826.2167692
1595462400000,1008333162.4764112
1595548800000,1010478653.8714613
1595635200000,980298581.9879284
1595721600000,1000079979.6351624
1595808000000,1002518256.2866315
1595894400000,1033649979.6699524
1595980800000,1038165846.3577135
1596067200000,1039911142.9097023
1596153600000,1035584175.3914794
1596240000000,1029478404.4838701
1596326400000,1112016917.332019
1596412800000,1044944843.889865
1596499200000,1110456634.8985248
1596585600000,1135071215.2593265
1596672000000,1145966769.7201462
1596758400000,1132188850.559166
1596844800000,1094596442.5426085
1596931200000,1098704856.2107036
1597017600000,1099177171.009781
1597104000000,1097745875.963874
1597190400000,1069004129.564333
1597276800000,1044984028.2356701
1597363200000,1075310224.5842483
1597449600000,1094340942.3149796
1597536000000,1118520256.9305387
1597622400000,1124287251.3061962
1597708800000,1115231162.115989
1597795200000,1103769446.0235736
1597881600000,1077875826.5538714
1597968000000,1124366229.9317474
1598054400000,1097786701.2280376
1598140800000,1085702589.3804479
1598227200000,1086242321.1896698
1598313600000,1117159679.7287493
1598400000000,1121993949.456164
1598486400000,1160679774.645039
1598572800000,1114012560.7435834
1598659200000,1131031228.5541577
1598745600000,1112734351.1373432
1598832000000,1132626119.5942168
1598918400000,1152537478.9881139
1599004800000,1156846415.6901186
1599091200000,1177413788.2152362
1599177600000,1030246463.3651145
1599264000000,1039798588.2991618
1599350400000,1011541961.7945896
1599436800000,1095251953.0694547
1599523200000,1078293159.1907597
1599609600000,1057842747.6319233
1599696000000,1092001099.7522442
1599782400000,1101288219.927093
1599868800000,1104045905.9567099
1599955200000,1102828645.4427862
1600041600000,1123071042.1163986
1600128000000,1117431668.1479065
1600214400000,1116610438.9741266
1600300800000,1112275670.8141685
1600387200000,1133310011.4567485
1600473600000,1142553843.4223456
1600560000000,1147283691.5597863
1600646400000,1124475129.4265869
1600732800000,1069076224.4560925
1600819200000,1067153330.7732085
1600905600000,1053160662.3741245
1600992000000,1082331902.5363076
1601078400000,1078659789.3787036
1601164800000,1082059343.688808
1601251200000,1079008583.3473506
1601337600000,1066597324.8870648
1601424000000,1080236154.3831818
1601510400000,1077161452.8771925
1601596800000,1077490743.8858433
1601683200000,1087431505.2194726
1601769600000,1082420281.2205713
1601856000000,1084473371.1064053
1601942400000,1074832851.7102132
1602028800000,1060425536.0384221
1602115200000,1064899601.6963229
1602201600000,1075632288.605087
1602288000000,1093082176.2058651
1602374400000,1092643773.9894342
1602460800000,1095793045.1077757
1602547200000,1105632149.8756776
1602633600000,1091818763.6557355
1602720000000,1087945005.6028206
1602806400000,1075955964.5103502
1602892800000,1032911646.3819207
1602979200000,1003722522.5264642
1603065600000,1036459327.2842067
1603152000000,1020174904.7729536
1603238400000,1010799947.2401443
1603324800000,1039935987.3374113
1603411200000,1060051844.2432555
1603497600000,1047934326.6472338
1603584000000,1050181909.5798532
1603670400000,1033458610.7478236
1603756800000,1029875453.7518754
1603843200000,1009650082.3817289
1603929600000,984224272.6573571
1604016000000,995675435.4619468
1604102400000,954804745.751676
1604188800000,987682293.4690785
1604275200000,967037678.3028649
1604361600000,892850871.2830508
1604448000000,848728819.2025845
1604534400000,819633376.6087172
1604620800000,838788428.3578367
1604707200000,889529433.2916694
1604793600000,874354600.9588034
1604880000000,879571061.8958472
1604966400000,874302863.8097548
1605052800000,853352406.8018814
1605139200000,850769787.0050373
1605225600000,848397090.8151624
1605312000000,847672113.0624983
1605398400000,844341471.4665011
1605484800000,846732836.6101036
1605571200000,823350225.7837785
1605657600000,860303749.9198403
1605744000000,894106640.5646867
1605830400000,962860312.4141668
1605916800000,997655317.9938656
1606003200000,1008566473.3380791
1606089600000,988843501.2828819
1606176000000,988133128.8506725
1606262400000,1031196827.0755342
1606348800000,967695308.8635269
1606435200000,948390958.9757339
1606521600000,947789662.522357
1606608000000,957730804.1134393
1606694400000,944817066.0901647
1606780800000,966080571.1806428
1606867200000,932300220.6341106
1606953600000,937215028.7103856
1607040000000,927746787.4665551
1607126400000,905422932.4215921
1607212800000,912682874.5848305
1607299200000,909987866.9642637
1607385600000,917827929.5753428
1607472000000,957232644.4481367
1607558400000,954619989.6745735
1607644800000,931920346.2822514
1607731200000,925121919.5362966
1607817600000,931556884.557534
1607904000000,929278821.879223
1607990400000,916119675.6662802
1608076800000,911946856.7095089
1608163200000,948061456.6982106
1608249600000,938129820.5266383
1608336000000,942258954.7289578
1608422400000,998153643.3452334
1608508800000,955876996.1248211
1608595200000,950079333.2125589
1608681600000,962122289.4417924
1608768000000,920006834.681206
1608854400000,931972539.5050577
1608940800000,942477525.6583407
1609027200000,932955616.37979
1609113600000,940066718.6346871
1609200000000,986437020.5244712
1609286400000,1019778645.3482449
1609372800000,1009600416.7716491
1609459200000,1018188499.5179626
1609545600000,1212962661.6818876
1609632000000,1130662071.2184074
1609718400000,1149361045.5333314
1609804800000,1106043764.4654508
1609891200000,1131191444.5895295
1609977600000,1175439301.325768
1610064000000,1175689636.4073696
1610150400000,983916957.6356711
1610236800000,1048548063.1950368
1610323200000,1123773834.8777626
1610409600000,964298159.6105689
1610496000000,938581300.7745875
1610582400000,988677563.5873219
1610668800000,997430138.0457742
1610755200000,991557010.0581292
1610841600000,998801264.2637649
1610928000000,1037949955.5946391
1611014400000,1120201412.491526
1611100800000,1141803304.0284746
1611187200000,1127889439.1453266
1611273600000,1013781031.7593771
1611360000000,1058736244.86547
1611446400000,1123112429.6249197
1611532800000,1125339829.6777632
1611619200000,1115416290.7103696
1611705600000,1107991641.1187935
1611792000000,1065811762.4616046
1611878400000,1156371049.8097456
1611964800000,1173656050.2812746
1612051200000,1247741691.2187366
1612137600000,1336436992.194492
1612224000000,1321471517.9764216
1612310400000,1353432949.664386
1612396800000,1452212766.4252667
1612483200000,1507840225.6500378
1612569600000,1577343406.1208467
1612656000000,1712230837.2549703
1612742400000,1740030078.1068802
1612828800000,1780473446.0832965
1612915200000,2296471104.4968295
1613001600000,2635705060.34579
1613088000000,2456960903.173766
1613174400000,2524451854.8252473
1613260800000,2437749304.5432835
1613347200000,2393284962.058705
1613433600000,2235523429.5338173
1613520000000,2221696496.2627153
1613606400000,2658970025.981384
1613692800000,2923272344.3448987
1613779200000,4697278212.059304
1613865600000,3893246164.5811167
1613952000000,4766896504.909872
1614038400000,4168714246.6130104
1614124800000,3466558310.945124
1614211200000,3616193758.3339634
1614297600000,3212095029.923751
1614384000000,2875304889.597133
1614470400000,3008044985.015914
1614556800000,2567126772.2769823
1614643200000,2716137626.997298
1614729600000,2728322061.2909217
1614816000000,2861503624.456823
1614902400000,2952243783.9493513
1614988800000,2875172675.328463
1615075200000,2872454980.278018
1615161600000,2933211825.9670434
1615248000000,2917246801.485295
1615334400000,3226800578.228135
1615420800000,3026582400.0198994
1615507200000,2965400573.213534
1615593600000,2808210601.829991
1615680000000,2905766597.3193774
1615766400000,2791715965.167416
1615852800000,2661953887.3200665
1615939200000,2679002424.716967
1616025600000,2681192417.598386
1616112000000,2666116452.2116356
1616198400000,2619693352.258125
1616284800000,2638566451.654803
1616371200000,2553488242.01923
1616457600000,2377574071.9436555
1616544000000,2341941125.3306937
1616630400000,2304261030.836475
1616716800000,2264757419.337544
1616803200000,2350230022.1185784
1616889600000,2370669414.2961054
1616976000000,2467094638.5516653
1617062400000,2643830079.447356
1617148800000,2908476316.540622
1617235200000,2862114549.3461514
1617321600000,2980393100.274218
1617408000000,3100936627.046884
1617494400000,2892691729.5908985
1617580800000,2978095566.3715672
1617667200000,3088595369.83762
1617753600000,3359016120.236759
1617840000000,3011156384.3018355
1617926400000,3229653093.2774377
1618012800000,3329304307.6332145
1618099200000,3429621069.4827332
1618185600000,3660103761.1826763
1618272000000,3946272268.600287
1618358400000,3747996147.034344
1618444800000,3766109588.0055585
1618531200000,3783727523.447672
1618617600000,3653191798.30488
1618704000000,3391717065.7562275
1618790400000,3114920767.1609025
1618876800000,3090107351.292259
